move_ptp_repeat_joint:
  ros__parameters:
    target_joint_1: [-0.000157, -0.616248, -0.924305, -0.000249,  1.539921, -0.000655]
    target_joint_2: [-0.000136, -0.572100, -1.100274,  0.000387,  1.670919, -0.001035]
    target_joint_3: [ 0.261332, -0.562094, -1.048180, -0.774265,  1.782855,  0.159091]
    target_joint_4: [ 0.118797, -0.613164, -0.905257, -0.780389,  1.618052,  0.121763]